 -200, 0.000188975148570521
 -199, 0.0001919620617301
 -198, 0.000195012131736344
 -197, 0.000198127033652798
 -196, 0.000201308496046561
 -195, 0.000204558302989491
 -194, 0.000207878296145278
 -193, 0.00021127037694656
 -192, 0.000214736508866447
 -191, 0.0002182787197891
 -190, 0.000221899104484226
 -189, 0.000225599827190646
 -188, 0.000229383124314363
 -187, 0.000233251307246851
 -186, 0.000237206765309644
 -185, 0.000241251968831576
 -184, 0.000245389472365471
 -183, 0.00024962191805138
 -182, 0.000253952039133929
 -181, 0.000258382663641754
 -180, 0.00026291671823745
 -179, 0.000267557232246977
 -178, 0.000272307341877959
 -177, 0.000277170294636885
 -176, 0.000282149453955812
 -175, 0.000287248304039794
 -174, 0.000292470454946925
 -173, 0.000297819647913629
 -172, 0.000303299760938544
 -171, 0.000308914814639229
 -170, 0.000314668978396708
 -169, 0.000320566576803875
 -168, 0.000326612096434726
 -167, 0.000332810192952447
 -166, 0.000339165698575533
 -165, 0.000345683629922327
 -164, 0.000352369196255631
 -163, 0.000359227808150477
 -162, 0.000366265086609572
 -161, 0.000373486872652577
 -160, 0.000380899237407034
 -159, 0.000388508492730616
 -158, 0.000396321202396316
 -157, 0.000404344193874295
 -156, 0.000412584570746359
 -155, 0.000421049725791467
 -154, 0.000429747354783282
 -153, 0.000438685471043529
 -152, 0.000447872420797997
 -151, 0.000457316899385208
 -150, 0.000467027968371287
 -149, 0.000477015073628293
 -148, 0.000487288064437355
 -147, 0.000497857213682269
 -146, 0.000508733239203946
 -145, 0.000519927326391157
 -144, 0.000531451152088506
 -143, 0.000543316909908484
 -142, 0.000555537337040819
 -141, 0.000568125742659322
 -140, 0.000581096038033824
 -139, 0.000594462768462979
 -138, 0.000608241147152443
 -137, 0.000622447091172455
 -136, 0.000637097259639177
 -135, 0.000652209094275342
 -134, 0.000667800862517885
 -133, 0.000683891703353501
 -132, 0.000700501676077356
 -131, 0.000717651812185864
 -130, 0.000735364170631374
 -129, 0.000753661896685204
 -128, 0.000772569284675568
 -127, 0.000792111844888991
 -126, 0.000812316374947826
 -125, 0.000833211036002701
 -124, 0.000854825434107411
 -123, 0.000877190707175116
 -122, 0.000900339617949023
 -121, 0.000924306653458303
 -120, 0.0009491281314712
 -119, 0.000974842314502459
 -118, 0.00100148953198179
 -117, 0.00102911231124458
 -116, 0.00105775551806597
 -115, 0.00108746650752523
 -114, 0.00111829528606015
 -113, 0.0011502946856509
 -112, 0.00118352055116115
 -111, 0.00121803194196175
 -110, 0.00125389134906964
 -109, 0.00129116492915403
 -108, 0.00132992275689318
 -107, 0.00137023909731157
 -106, 0.00141219269988882
 -105, 0.00145586711641154
 -104, 0.00150135104473882
 -103, 0.00154873870087446
 -102, 0.00159813022198591
 -101, 0.00164963210328565
 -100, 0.00170335767199826
 -99, 0.00175942760197953
 -98, 0.001817970472938
 -97, 0.00187912337863912
 -96, 0.00194303258895337
 -95, 0.00200985427115024
 -94, 0.0020797552764464
 -93, 0.00215291399849875
 -92, 0.00222952131130124
 -91, 0.00230978159481011
 -90, 0.00239391385759983
 -89, 0.00248215296695673
 -88, 0.00257475099806724
 -87, 0.00267197871537486
 -86, 0.00277412720078762
 -85, 0.00288150964524496
 -84, 0.00299446332223278
 -83, 0.00311335176420518
 -82, 0.00323856716557751
 -81, 0.00337053303904819
 -80, 0.00350970715554899
 -79, 0.00365658480218598
 -78, 0.00381170239720054
 -77, 0.00397564150635099
 -76, 0.00414903331130727
 -75, 0.00433256358780194
 -74, 0.00452697825955436
 -73, 0.00473308960357499
 -72, 0.00495178319359496
 -71, 0.00518402568132694
 -70, 0.00543087353037685
 -69, 0.00569348283528431
 -68, 0.00597312037884838
 -67, 0.00627117610516033
 -66, 0.0065891772143058
 -65, 0.00692880411834422
 -64, 0.00729190853793137
 -63, 0.0076805340660475
 -62, 0.00809693958122176
 -61, 0.0085436259592342
 -60, 0.00902336661177051
 -59, 0.0095392424756649
 -58, 0.0100946821906015
 -57, 0.0106935083406773
 -56, 0.0113399908013088
 -55, 0.0120389084341404
 -54, 0.0127956206170714
 -53, 0.013616150394571
 -52, 0.0145072813980631
 -51, 0.0154766711337978
 -50, 0.0165329837871627
 -49, 0.0176860463745305
 -48, 0.0189470329206893
 -47, 0.0203286823957343
 -46, 0.021845557467032
 -45, 0.0235143527836493
 -44, 0.0253542636093349
 -43, 0.0273874282830034
 -42, 0.0296394613807118
 -41, 0.0321400988034155
 -40, 0.0349239816182618
 -39, 0.0380316127380003
 -38, 0.0415105299741892
 -37, 0.0454167513810814
 -36, 0.0498165651259965
 -35, 0.0547887577679902
 -34, 0.0604274037291276
 -33, 0.06684537760102
 -32, 0.0741788035491578
 -31, 0.0825927278672276
 -30, 0.0922883994424163
 -29, 0.103512679719469
 -28, 0.116570295022628
 -27, 0.131839913828959
 -26, 0.149795415446811
 -25, 0.171034267993532
 -24, 0.196315733475534
 -23, 0.226612789723688
 -22, 0.263183393474202
 -21, 0.307669302443759
 -20, 0.362234591694223
 -19, 0.42976197466964
 -18, 0.514134234787314
 -17, 0.620642331442928
 -16, 0.756583960520227
 -15, 0.932150980147143
 -14, 1.16175768709553
 -13, 1.46604296026314
 -12, 1.8748954179216
 -11, 2.43199630198293
 -10, 3.20148853519974
 -9, 4.27721604740885
 -8, 5.79373776796625
 -7, 7.93372120603227
 -6, 10.9126514052059
 -5, 14.8882184747743
 -4, 19.6835707659973
 -3, 24.2081676223418
 -2, 25.8602281648092
 -1, 21.3792105583679
 0, 10.5275183395671
 1, -1.52712554388672
 2, -9.00752795097674
 3, -10.9327389099944
 4, -9.65840460648368
 5, -7.44410923738221
 6, -5.38840167423049
 7, -3.79924282809357
 8, -2.65912793550641
 9, -1.86559059184416
 10, -1.31825681031781
 11, -0.940096703845794
 12, -0.676944831953209
 13, -0.492026195024279
 14, -0.360668866612327
 15, -0.266327488497279
 16, -0.197844061204259
 17, -0.147627535980658
 18, -0.110459949935626
 19, -0.0827149769326581
 20, -0.0618443127291595
 21, -0.0460375729184562
 22, -0.0339949952699518
 23, -0.0247739831927682
 24, -0.0176844079788681
 25, -0.0122164208245048
 26, -0.00799016135139247
 27, -0.00472036605266504
 28, -0.00219121913510234
 29, -0.000238314364171738
 30, 0.00126439836046978
 31, 0.00241413960187659
 32, 0.00328630931466391
 33, 0.00393968309711917
 34, 0.00442029265520455
 35, 0.00476434369275972
 36, 0.00500042437457851
 37, 0.00515118721982002
 38, 0.00523463750625263
 39, 0.00526512573736179
 40, 0.00525411617392277
 41, 0.00521078492353463
 42, 0.00514248758142605
 43, 0.00505512650277254
 44, 0.00495344046107561
 45, 0.00484123400028837
 46, 0.00472155971462924
 47, 0.00459686362605276
 48, 0.00446910151237305
 49, 0.00433983227784525
 50, 0.00421029311261271
 51, 0.00408146015474822
 52, 0.00395409757232813
 53, 0.00382879736626498
 54, 0.00370601171496601
 55, 0.00358607930730939
 56, 0.00346924681677343
 57, 0.00335568643847303
 58, 0.00324551022836284
 59, 0.003138781839244
 60, 0.00303552613322091
 61, 0.00293573705853281
 62, 0.00283938410529967
 63, 0.00274641759583374
 64, 0.00265677301778129
 65, 0.0025703745701223
 66, 0.00248713806112342
 67, 0.00240697327225358
 68, 0.00232978588167791
 69, 0.00225547902433005
 70, 0.00218395455199478
 71, 0.00211511404573113
 72, 0.00204885962386384
 73, 0.00198509458129458
 74, 0.00192372388973201
 75, 0.00186465458336852
 76, 0.00180779605034492
 77, 0.00175306024688277
 78, 0.00170036184809784
 79, 0.00164961834713231
 80, 0.00160075011227077
 81, 0.00155368041006645
 82, 0.00150833540114073
 83, 0.00146464411418437
 84, 0.00142253840274321
 85, 0.00138195288858293
 86, 0.00134282489477006
 87, 0.0013050943710575
 88, 0.00126870381370538
 89, 0.00123359818148526
 90, 0.00119972480929718
 91, 0.00116703332056246
 92, 0.00113547553933334
 93, 0.00110500540287533
 94, 0.00107557887532414
 95, 0.00104715386289083
 96, 0.00101969013098242
 97, 0.000993149223516978
 98, 0.000967494384639276
 99, 0.000942690482982971
 100, 0.000918703938575909
 101, 0.00089550265244472
 102, 0.000873055938942016
 103, 0.000851334460792946
 104, 0.000830310166836534
 105, 0.000809956232420362
 106, 0.000790247002393895
 107, 0.00077115793663554
 108, 0.000752665558040944
 109, 0.000734747402894364
 110, 0.000717381973541219
 111, 0.000700548693277437
 112, 0.000684227863370009
 113, 0.000668400622122814
 114, 0.000653048905902276
 115, 0.000638155412038427
 116, 0.000623703563518525
 117, 0.000609677475392286
 118, 0.000596061922809981
 119, 0.000582842310617068
 120, 0.0005700046444316
 121, 0.000557535503133295
 122, 0.000545422012695909
 123, 0.000533651821297245
 124, 0.000522213075643951
 125, 0.0005110943984509
 126, 0.000500284867017689
 127, 0.000489773992847381
 128, 0.000479551702255147
 129, 0.000469608317917027
 130, 0.000459934541311319
 131, 0.0004505214360075
 132, 0.000441360411759792
 133, 0.00043244320936459
 134, 0.000423761886243065
 135, 0.000415308802712188
 136, 0.0004070766089093
 137, 0.00039905823233714
 138, 0.000391246865997964
 139, 0.000383635957086965
 140, 0.00037621919621681
 141, 0.000368990507146523
 142, 0.000361944036989359
 143, 0.000355074146875653
 144, 0.000348375403047838
 145, 0.000341842568366077
 146, 0.000335470594204023
 147, 0.000329254612715341
 148, 0.000323189929452597
 149, 0.000317272016321125
 150, 0.000311496504851338
 151, 0.000305859179773867
 152, 0.000300355972882677
 153, 0.000294982957172119
 154, 0.000289736341234574
 155, 0.000284612463906072
 156, 0.000279607789147885
 157, 0.00027471890115274
 158, 0.00026994249966487
 159, 0.000265275395503687
 160, 0.000260714506281352
 161, 0.000256256852305075
 162, 0.000251899552655377
 163, 0.000247639821432037
 164, 0.000243474964159859
 165, 0.000239402374346774
 166, 0.000235419530187195
 167, 0.000231523991403873
 168, 0.000227713396221868
 169, 0.000223985458468533
 170, 0.00022033796479376
 171, 0.000216768772004966
 172, 0.000213275804511623
 173, 0.000209857051874361
 174, 0.000206510566453911
 175, 0.000203234461155429
 176, 0.000200026907263906
 177, 0.000196886132366611
 178, 0.000193810418358709
 179, 0.000190798099528369
 180, 0.000187847560717853
 181, 0.000184957235557273
 182, 0.000182125604767825
 183, 0.000179351194531477
 184, 0.000176632574924243
 185, 0.000173968358410286
 186, 0.000171357198394242
 187, 0.000168797787829272
 188, 0.000166288857878465
 189, 0.000163829176627326
 190, 0.000161417547845189
 191, 0.000159052809793497
 192, 0.000156733834078981
 193, 0.000154459524549856
 194, 0.000152228816233263
 195, 0.000150040674312222
 196, 0.000147894093140486
 197, 0.000145788095293731
 198, 0.00014372173065559
 199, 0.000141694075537119
